-8191
-8175
-8158
-8142
-8125
-8109
-8093
-8076
-8060
-8044
-8027
-8011
-7994
-7978
-7962
-7945
-7929
-7912
-7896
-7880
-7863
-7847
-7831
-7814
-7798
-7781
-7765
-7749
-7732
-7716
-7699
-7683
-7667
-7650
-7634
-7618
-7601
-7585
-7568
-7552
-7536
-7519
-7503
-7486
-7470
-7454
-7437
-7421
-7405
-7388
-7372
-7355
-7339
-7323
-7306
-7290
-7273
-7257
-7241
-7224
-7208
-7192
-7175
-7159
-7142
-7126
-7110
-7093
-7077
-7061
-7044
-7028
-7011
-6995
-6979
-6962
-6946
-6929
-6913
-6897
-6880
-6864
-6848
-6831
-6815
-6798
-6782
-6766
-6749
-6733
-6716
-6700
-6684
-6667
-6651
-6635
-6618
-6602
-6585
-6569
-6553
-6536
-6520
-6503
-6487
-6471
-6454
-6438
-6422
-6405
-6389
-6372
-6356
-6340
-6323
-6307
-6290
-6274
-6258
-6241
-6225
-6209
-6192
-6176
-6159
-6143
-6127
-6110
-6094
-6077
-6061
-6045
-6028
-6012
-5996
-5979
-5963
-5946
-5930
-5914
-5897
-5881
-5864
-5848
-5832
-5815
-5799
-5783
-5766
-5750
-5733
-5717
-5701
-5684
-5668
-5651
-5635
-5619
-5602
-5586
-5570
-5553
-5537
-5520
-5504
-5488
-5471
-5455
-5438
-5422
-5406
-5389
-5373
-5357
-5340
-5324
-5307
-5291
-5275
-5258
-5242
-5225
-5209
-5193
-5176
-5160
-5144
-5127
-5111
-5094
-5078
-5062
-5045
-5029
-5013
-4996
-4980
-4963
-4947
-4931
-4914
-4898
-4881
-4865
-4849
-4832
-4816
-4800
-4783
-4767
-4750
-4734
-4718
-4701
-4685
-4668
-4652
-4636
-4619
-4603
-4587
-4570
-4554
-4537
-4521
-4505
-4488
-4472
-4455
-4439
-4423
-4406
-4390
-4374
-4357
-4341
-4324
-4308
-4292
-4275
-4259
-4242
-4226
-4210
-4193
-4177
-4161
-4144
-4128
-4111
-4095
-4079
-4062
-4046
-4029
-4013
-3997
-3980
-3964
-3948
-3931
-3915
-3898
-3882
-3866
-3849
-3833
-3816
-3800
-3784
-3767
-3751
-3735
-3718
-3702
-3685
-3669
-3653
-3636
-3620
-3603
-3587
-3571
-3554
-3538
-3522
-3505
-3489
-3472
-3456
-3440
-3423
-3407
-3390
-3374
-3358
-3341
-3325
-3309
-3292
-3276
-3259
-3243
-3227
-3210
-3194
-3177
-3161
-3145
-3128
-3112
-3096
-3079
-3063
-3046
-3030
-3014
-2997
-2981
-2965
-2948
-2932
-2915
-2899
-2883
-2866
-2850
-2833
-2817
-2801
-2784
-2768
-2752
-2735
-2719
-2702
-2686
-2670
-2653
-2637
-2620
-2604
-2588
-2571
-2555
-2539
-2522
-2506
-2489
-2473
-2457
-2440
-2424
-2407
-2391
-2375
-2358
-2342
-2326
-2309
-2293
-2276
-2260
-2244
-2227
-2211
-2194
-2178
-2162
-2145
-2129
-2113
-2096
-2080
-2063
-2047
-2031
-2014
-1998
-1981
-1965
-1949
-1932
-1916
-1900
-1883
-1867
-1850
-1834
-1818
-1801
-1785
-1768
-1752
-1736
-1719
-1703
-1687
-1670
-1654
-1637
-1621
-1605
-1588
-1572
-1555
-1539
-1523
-1506
-1490
-1474
-1457
-1441
-1424
-1408
-1392
-1375
-1359
-1342
-1326
-1310
-1293
-1277
-1261
-1244
-1228
-1211
-1195
-1179
-1162
-1146
-1129
-1113
-1097
-1080
-1064
-1048
-1031
-1015
-998
-982
-966
-949
-933
-917
-900
-884
-867
-851
-835
-818
-802
-785
-769
-753
-736
-720
-704
-687
-671
-654
-638
-622
-605
-589
-572
-556
-540
-523
-507
-491
-474
-458
-441
-425
-409
-392
-376
-359
-343
-327
-310
-294
-278
-261
-245
-228
-212
-196
-179
-163
-146
-130
-114
-97
-81
-65
-48
-32
-15
1
17
34
50
67
83
99
116
132
148
165
181
198
214
230
247
263
280
296
312
329
345
361
378
394
411
427
443
460
476
493
509
525
542
558
574
591
607
624
640
656
673
689
706
722
738
755
771
787
804
820
837
853
869
886
902
919
935
951
968
984
1000
1017
1033
1050
1066
1082
1099
1115
1131
1148
1164
1181
1197
1213
1230
1246
1263
1279
1295
1312
1328
1344
1361
1377
1394
1410
1426
1443
1459
1476
1492
1508
1525
1541
1557
1574
1590
1607
1623
1639
1656
1672
1689
1705
1721
1738
1754
1770
1787
1803
1820
1836
1852
1869
1885
1902
1918
1934
1951
1967
1983
2000
2016
2033
2049
2065
2082
2098
2115
2131
2147
2164
2180
2196
2213
2229
2246
2262
2278
2295
2311
2328
2344
2360
2377
2393
2409
2426
2442
2459
2475
2491
2508
2524
2541
2557
2573
2590
2606
2622
2639
2655
2672
2688
2704
2721
2737
2754
2770
2786
2803
2819
2835
2852
2868
2885
2901
2917
2934
2950
2967
2983
2999
3016
3032
3048
3065
3081
3098
3114
3130
3147
3163
3179
3196
3212
3229
3245
3261
3278
3294
3311
3327
3343
3360
3376
3392
3409
3425
3442
3458
3474
3491
3507
3524
3540
3556
3573
3589
3605
3622
3638
3655
3671
3687
3704
3720
3737
3753
3769
3786
3802
3818
3835
3851
3868
3884
3900
3917
3933
3950
3966
3982
3999
4015
4031
4048
4064
4081
4097
4113
4130
4146
4163
4179
4195
4212
4228
4244
4261
4277
4294
4310
4326
4343
4359
4376
4392
4408
4425
4441
4457
4474
4490
4507
4523
4539
4556
4572
4589
4605
4621
4638
4654
4670
4687
4703
4720
4736
4752
4769
4785
4802
4818
4834
4851
4867
4883
4900
4916
4933
4949
4965
4982
4998
5015
5031
5047
5064
5080
5096
5113
5129
5146
5162
5178
5195
5211
5227
5244
5260
5277
5293
5309
5326
5342
5359
5375
5391
5408
5424
5440
5457
5473
5490
5506
5522
5539
5555
5572
5588
5604
5621
5637
5653
5670
5686
5703
5719
5735
5752
5768
5785
5801
5817
5834
5850
5866
5883
5899
5916
5932
5948
5965
5981
5998
6014
6030
6047
6063
6079
6096
6112
6129
6145
6161
6178
6194
6211
6227
6243
6260
6276
6292
6309
6325
6342
6358
6374
6391
6407
6424
6440
6456
6473
6489
6505
6522
6538
6555
6571
6587
6604
6620
6637
6653
6669
6686
6702
6718
6735
6751
6768
6784
6800
6817
6833
6850
6866
6882
6899
6915
6931
6948
6964
6981
6997
7013
7030
7046
7063
7079
7095
7112
7128
7144
7161
7177
7194
7210
7226
7243
7259
7275
7292
7308
7325
7341
7357
7374
7390
7407
7423
7439
7456
7472
7488
7505
7521
7538
7554
7570
7587
7603
7620
7636
7652
7669
7685
7701
7718
7734
7751
7767
7783
7800
7816
7833
7849
7865
7882
7898
7914
7931
7947
7964
7980
7996
8013
8029
8046
8062
8078
8095
8111
8127
8144
8160
8177
8191